8367115.,
7834455.,
7369631.,
7760141.,
4551164.,
1030837.,
8241885.,
6073532.,
8218168.,
5024329.,
3019208.,
7849822.,
4174947.,
2047454.,
3995440.,
2560530.,
3815884.,
3166171.,
3800206.,
7119451.,
7302276.,
4114151.,
382673.,
6634099.,
7976241.,
4545210.,
6119131.,
2662084.,
6503251.,
8273598.,
2283135.,
1217701.,
4609607.,
3205520.,
4404859.,
2639796.,
701451.,
3770352.,
3976213.,
6032313.,
4815708.,
1899683.,
7347243.,
2660524.,
7397119.,
2198892.,
4152963.,
1488488.,
5319146.,
3502301.,
151246.,
7877166.,
2307558.,
4183953.,
4367737.,
565624.,
4405591.,
6218645.,
4583704.,
5601483.,
2752849.,
2539445.,
1387542.,
4733958.,
1665289.,
165703.,
5203905.,
5626526.,
4718962.,
5356765.,
7032882.,
7958969.,
1415281.,
5542214.,
4533830.,
5546062.,
7359049.,
2086661.,
7776900.,
1977619.,
4350006.,
2922257.,
1428669.,
6770389.,
820334.,
7426871.,
6561366.,
3026594.,
1425096.,
4110039.,
7124027.,
6356961.,
1812915.,
4958031.,
6957589.,
2541531.,
7028048.,
152720.,
4066110.,
115306.,
2030275.,
6164758.,
6634236.,
1900322.,
5626845.,
1892154.,
4632069.,
5941154.,
1653598.,
351230.,
7690253.,
6032401.,
7215843.,
3145196.,
6467905.,
8148257.,
8259931.,
1924197.,
7746306.,
5707233.,
2133103.,
6445435.,
7480835.,
5563016.,
482026.,
4069296.,
6415288.,
442716.,
5957343.,
3920845.,
1128353.,
6923134.,
2615026.,
7800749.,
2435280.,
7225491.,
7161246.,
4312785.,
5483486.,
4779543.,
8112065.,
493806.,
1833633.,
5855475.,
6959398.,
150732.,
6623963.,
4368788.,
1317665.,
7563148.,
6958048.,
5438458.,
1044564.,
1472722.,
6872291.,
5758858.,
6408773.,
3853319.,
3964694.,
3668727.,
7068994.,
2873258.,
5708508.,
3659631.,
2865629.,
3695517.,
5905973.,
4980574.,
1327810.,
4652118.,
7931302.,
7143584.,
1406323.,
7579637.,
7118746.,
934956.,
1852514.,
7998971.,
5063654.,
1445008.,
3792617.,
3148889.,
3255542.,
8115803.,
6606473.,
7296702.,
3180754.,
2086562.,
4028812.,
1624353.,
3243389.,
1988238.,
4649750.,
8127357.,
4113376.,
3728719.,
7001856.,
6003185.,
6802478.,
425841.,
4986006.,
5438014.,
6844973.,
904558.,
5211868.,
5126556.,
3579765.,
1809671.,
5269097.,
2579828.,
2947442.,
217975.,
5690965.,
7714216.,
2168508.,
3892946.,
8150381.,
4076430.,
6454817.,
4813533.,
6692802.,
1618457.,
1720635.,
2373757.,
4880973.,
939273.,
4989395.,
5366306.,
985567.,
2407.,
2296645.,
4439599.,
145905.,
1199773.,
3403282.,
203088.,
2161775.,
4977903.,
214249.,
4859469.,
2039922.,
6247590.,
3798094.,
8200634.,
2560431.,
67796.,
2812905.,
2693589.,
6185432.,
2139868.,
5471119.,
3675715.,
2935947.,
33242.,
7521801.,
3113024.,
7361375.,
4365230.,
7354651.,
7315193.,
5547717.,
2863886.,
5790545.,
956576.,
4296747.,
1904438.,
6234874.,
4893380.,
85530.,
3872437.,
7713577.,
3888906.,
4661316.,
2531942.,
334168.,
570693.,
5950791.,
4321695.,
7471846.,
3039527.,
7105727.,
720626.,
5358458.,
1097201.,
4007733.,
6028341.,
513819.,
4747246.,
3595647.,
3801408.,
6559691.,
4308798.,
867750.,
5795265.,
4700890.,
7844300.,
6565150.,
5630531.,
4681221.,
8215950.,
8358854.,
1540432.,
6768008.,
185489.,
3926866.,
8060995.,
7830475.,
5135954.,
5159528.,
5452320.,
5483513.,
1991072.,
1349192.,
1557746.,
7423313.,
4214863.,
2778639.,
14765.,
1535467.,
3486519.,
5840815.,
7620860.,
1103611.,
6783690.,
3581592.,
3148884.,
356430.,
4710693.,
1130954.,
983083.,
5037069.,
4102775.,
7158987.,
5671663.,
1233275.,
2392616.,
4328563.,
828023.,
2311761.,
3258899.,
7933454.,
4104830.,
8238581.,
5129210.,
4896532.,
6791924.,
4280597.,
2129891.,
6867142.,
8128800.,
4124897.,
5575252.,
6110614.,
3866422.,
7613265.,
7067697.,
7034313.,
2689319.,
3473039.,
3246611.,
7364755.,
2428516.,
3749536.,
3263899.,
6358260.,
5518296.,
955775.,
5980993.,
1332601.,
2616284.,
1146994.,
4045078.,
4943782.,
6158272.,
6739315.,
2890333.,
5275479.,
4211038.,
6582544.,
2370694.,
4507932.,
2457648.,
728660.,
7461829.,
6393121.,
1084910.,
22869.,
2308961.,
6153045.,
4123857.,
6171164.,
2060810.,
5112974.,
2204797.,
7540723.,
7232167.,
8237066.,
6964619.,
4317349.,
7640489.,
2689532.,
2899573.,
5784984.,
854079.,
6470433.,
121918.,
2884813.,
7148629.,
772670.,
6105137.,
7198166.,
8308376.,
6732215.,
2444392.,
7292432.,
468361.,
3193305.,
5922448.,
377154.,
4056978.,
5218895.,
3486209.,
2149140.,
6091265.,
5344482.,
979806.,
1304276.,
2401755.,
1607033.,
4139243.,
2256221.,
904052.,
1890453.,
4252473.,
4444214.,
1693290.,
307928.,
2063452.,
1148570.,
7398275.,
5147862.,
3366429.,
8228433.,
4624075.,
1880212.,
6831580.,
5160760.,
5520254.,
6153717.,
6447318.,
2726053.,
5253625.,
3577583.,
4220731.,
3156646.,
5711097.,
821898.,
5498897.,
6976671.,
7213879.,
7881902.,
1915448.,
1860880.,
8106434.,
1721186.,
6636713.,
2867090.,
7437050.,
3243924.,
2004129.,
123004.,
7163660.,
608000.,
6306750.,
854290.,
6414020.,
1298247.,
5920814.,
3635005.,
6271067.,
8209234.,
857116.,
5181674.,
6047438.,
5500014.,
7432941.,
5017954.,
3770057.,
598385.,
6334559.,
332669.,
6653167.,
7884471.,
4248245.,
7640686.,
6252490.,
2925083.,
196323.,
3136091.,
399534.,
2841318.,
5308253.,
6970906.,
1166365.,
5262924.,
1409258.,
7510114.,
2264445.,
4188322.,
2444729.,
8195636.,
3618572.,
